function [xd,yd,zd]=data_33000

% Vzorova data.
% Material k textu Geostatistika a prostorova interpolace, JJ2015.

d=[104   46   10.9
    37   44   11.4
    86  196   12.6
   166   75   13.4
     6   39    4.4
    50  115   10.5
    88  123   10.6
    10  163   17.0
   103   64    8.6
   184  119    4.4
   116    1   14.2
    33   56   13.6
   149  103   11.8
    40  175   14.9
   128   80   13.2
   181   37   11.1
     5   19    6.6
   105   68   10.9
    88   58   10.9
   132   39    7.8
    13   54    8.4
   166   68   13.4
   194   60   12.4
    77  126   12.0
    78   38   11.6
    46  184   13.2
   199    9   15.9
    64  105   10.6
    68  146   15.0
    26  185   11.9
    56   91   13.8
   138   35    7.4
    26   86   13.1
    17  161   16.1
     2  134   19.4
   199   63   14.3
   118  189    7.7
   200  175   12.9
   175   39   10.3
   154   85   13.5
   104  119   11.7
   141    5   14.1
    23  160   12.9
    25   71   12.6
   174   52   12.9
    57   46   10.4
   181   72   14.0
   179    5   13.2
    46   24    8.7
   145   75   10.3]; 
 
  xd=d(:,1); yd=d(:,2); zd=d(:,3);
