function [x,y,Cd]=data_Cd
x=[288
    285.6
    273.6
    280.8
    273.6
    276
    285.6
    288
    292.8
    278.4
    360
    355.2
    367.2
    367.2
    352.8
    350.4
    369.6
    369.6
    357.6
    355.2
    434.4
    451.2
    448.8
    432
    441.6
    441.6
    444
    441.6
    432
    444
    254.4
    254.4
    254.4
    333.6
    333.6
    333.6
    333.6
    412.8
    254.4
    412.8
    412.8
    492
    492
    492
    492
    444
    436.8
    360
    345.6
    254.4
    280.8
    307.2
    333.6
    360
    386.4
    412.8
    439.2
    465.6
    492
    345.6]';

y=[311
    288
    269
    249
    231
    206
    182
    164
    137
    119
    315
    291
    272
    250
    226
    203
    180
    165
    139
    118
    312
    295
    268
    252
    228
    204
    182
    160
    140
    119
    172
    128
    299
    301
    271
    194
    163
    285
    257
    172
    150
    282
    249
    315
    150
    190
    240
    195
    210
    216
    216
    216
    216
    216
    216
    216
    216
    216
    216
    216]';

Cd=[11.5
    8.5
    7
    10.7
    11.2
    11.6
    7.2
    5.7
    5.2
    7.2
    3.9
    9.5
    8.9
    11.5
    10.7
    8.3
    6.1
    6.7
    6.2
    0
    5.5
    4
    7
    5.3
    11.6
    9
    14.5
    12.1
    0.9
    0
    3.2
    1.2
    1.7
    1.2
    7.6
    11.6
    8.7
    5.8
    3.8
    10.4
    10
    7.1
    4.4
    10.4
    1.6
    15
    3.4
    6.8
    10.8
    14.9
    9.9
    11.6
    6.5
    10.1
    11.8
    11
    16.7
    11.6
    6.9
    9.9]';


